11 1111111

mmmmm > anamimmmommm-
Angue 1111 111, 1, 48 1111111111 111, 8,1
’81111111111111111 11, 8, 88 Aqua fflgid· 11,88, 18 pereni 111,
811181111111111,1,88(111111111· 8,88 icauna-mom 11,8,η cu-

811111 genere) 11111 11, 84, 48 11111 11, 8,18 8111111 11, 7,88 11111111
Anium 1111111111,8,87 1111111111 11,81,8 1111111111 111, 8, 48 1116111ι

811111181111 111, 18, 88 111, 81, 88 pm 11, 8, 84 aqum 111111
Animi 1111111111 1111111111 111, 8,17 111,18,88 11111111 modio 1111111 μὴ

111111 0118 11,1,48 11111111 11111111, 8, 1,8, 18 uquam 11111111 111111 ’11, 7, 88

881111111111111,88,8111111611- 111 11111 11, 8, 48 bonu 11, 88, 88

1113111111,1,88 11811 111,18,8 1111- 11111 11, 88, 18 11111 111, 8, 88 11·

1111111 11,7, 11 11111111,4,881 1111,8,8 nquit
81111111 11811 111, 8, 8. 11, 1, 87 11111111 11,1,188 mugitis 11,1, 188
8111111811 11111111 111811 111, 1, 18 11111111 11, 4, 4
Α11111111111111,11,88,811111111,8,8 Aquom 01111 11, 18, 81 tque·

81111 pabula 11,8,711111111 111, 1111111111 11, 8, 88 (1111111111111 11111-

18, 81 11111
811111 111111 1111 1, 1,81 811111118111111111 11, 8, 88 sapen·
81111111811111,8,14111111111118, 11, 18, 48 1111 1111111111 ’111, 18, 18

88 mgb 1111811 11, 8, 87 11111 11111 11111111 1118111 111, 88, 88 An Muin

lungun 11, 18, 88 111111 11111111 primu Η111111111,8,87

1111111111 111, 7, 88 11111111 uptun 111, 811111811111 111,8,88 1111111 fanu

81,81 111111111111,18,8 celati· 111, 111111111, ,88 (11111111111181181)

88, ll 1111111111 11, 7, 78 8111111 11111 11111811 11, 18, 81 111-
Ananiam tutum ,111111 111,8, 18 11111,18,11
811111111111111111111111111111, 8, 41 811111111Ιί11111,1,88

nem 111111 1 8, 18 811111 gravi 11, 84, 47

· Antiqua 1111111111 11,1,181 corinna Arbor 1111111 11, 4,8 {madh 11, 8,

11,8,8111111111,18,18 1111111111- 18 111111 1118111111111 1,18, 18 ni«

111111118888, 11, 8,8 81111 11,88, 88 et 11111111 (11111111 111, 18, Μ

118111 1111188818 111111111188, 11181111 com· 111, 18, 88 11811111

88 11111111 Deucalionis 11111 11, 88, 84 111111 1111111
Αιι11111111111111 111, 17, 87 811111 1111111111,8,18 1111111 11·
81111111 1111111111 111, 8, 48 1111111111 11111 11, 7, 87

1111111111 11,1,188 11111 hederoso 81111 de 1111181111111111111 11, 1, σε

1111111,4,8111111181 11,8,8 11111 11111 mundi 111, 8, 81 qua 1111111811 ἓ,

11,8,88111111111111111,18,881111111 11,88 equo 111111111,1,88

81818 roseida 11,88, 88 111 11111 8111111111 11111111 11 1111111,77, u

111111 111, 8, 14 (111111111111)
81111111111,18,8811111111 11111 . Arcus purpureus 111, 8, 88 11111 μ-

vemt 1111 1111111 11,4, 18 (de suga). 1111111 ’11,8, 811

ficu 111, 88, 18 818111111111111 111, 18, 81

· 8111111111 11, 88, 48 Hypsipyle i, 81111111 1 rogo 111111 1111111 uitur·

18,17 (Cynthia) 11, 88, 8 11, 7, 48
8111181111 11,18,84 1111111188 Ardor 1, 8, 18 11111118111 1, 88,
8111111111111 11,18,1 111111111111 8 suppositus 11, 18, 81 11111111 nuni

11,8,84111111 111111 ι11111 11, 8, 88 (i. po'essu 1, 7, 81

1.1111),111111111111111,8,781ρ11111 1111111 1111 1,17,8 (11ης m„

111111 11.4,8(111111111111111111) Anacoeong 11111 111, 7,88 1111111, m
81111111111111111111111111111111 11111 1,8,18. 11,88,7 m §pon

11, 88, ss 11111111 111, 1888111111111υ 11, 0,oe
81111111111111111111111111,88,88 8111111111111111 11,8, 18 -
Appositum 81111 vadis (11111111) 11, 8, 811111 nb 11111,17,8 mu 11-

18 11111111 1111111 11, 18,8 111111 11, 18, 81
Aprica 1111 11,18,18 Argentea 1181 11, 4,88
811111111111111111111111,8,88 , A 1111181111(1.1.811181
811111111111111111111111111Δ8, 111111 1,18,18113111111“1111“ι1 '⁸ n,

11 amris 1, 11, 11 frenis iv, 11, 11 11 13111 dolon 1111111 &gun m.

111111111111111111,88,18 mors 111, 8, 1,18,8811111111111111,8,88
oficiis 1111 11, 8, 88 Ι11111111 11, 8, 88 8111111ὶῇ11181113111 1,8,7

 

