xviii 11111

a. 11 negati 11,1,11 im vim iv, Frigida 1111 11,11, 11 hm 10¹⁸·ss

11,1111111111111 11,1,111111111111 111111 11, 11, 18 1111111111 11,1,1 111-

11 ‘idun 11111111, 11, 11
1111νί11111 11,1, 11 11311111111111111111111111111,11,
rodni· 111 11111111111111 12

111 cerlo 111, 11, 11 uem iv, 1, 19 111- fronde 1111111111 1, 111, 11 1111111111

1111111111111 iv, 1, 11 hdmin inii, 111 11 11,1,11

ms , ¹ 111111ωωί11 insumi,
1111111 palmitum 11,11,1 tritt 11,11111111111111111111,11,1

inter 1111 11111111 111, 11,111 1111111 di· 111111 iniustum 111111, 1,11 111.

dicit 1111111 componere 11,1,11 11111 1111111111 ii, 11, 11

din pondus 11111111,11,11 111 cuivis 1111 1111111111, 11, 11

multa 1111 11, 11, 18 F 111 11111111 11,11,1 iuga 111111·
1111111111111111111111 11 in ii, 11 111, 1,18

1,11 1111111111 te 1111111111 11,11, 11
rm! 11111111111111 11,1,17 11)- iugnrit quid 1111111111 11,1,1 fugati qm·

1111111111 11, 1, 111 tono 11,1,11 cumque 11111111,11, 1

1 111111 megae 1,1,11 1111111111111,1,17111111 cymba
11111 tremefactu 11,11, 11 1111111, 11,1,11

11, 11 ex 111111 11,1,11 F ugia 1111111 11111 11, 11, 18 fugit
1111111111 111, 1,1 11110 Auernos 1111111 1111111111 fugisse 11111111

11, 11, 11 putidos iv. 1, 11 potui i, 11,1 fugient 1111 mi» 1,1, 11
Fore· 1111111 111, 7, 71 tempii iii, 11 1111111111 1,11,11

11, 17 1111111111 11,1),11 1111111111· 1111111 1111111 pruinis i, M geum

1111,1,1111111111,11,1111111111,18, iv, 11,119

u Pulcra ebumo ii, 11, 11 neo 11,1,
Forma 11111 1111111111 1111111111 1, 1, 1 fulcra plutei iv, 8, 11

11 hnc 1111 putatam· 1111111 1, 1113111111 parmpyropo 11,11,11

1,11 11111111111 1111 11, 18, 11 111β111111111111111111,1,1

ieris 11,1,11 11111111 11,1,11 1111111 1111111111111111 11, 1, 11
ἥ, 11, 11 1111111111,19,111. iii, 11, 16 Fulminis 111 11,11, 11 fulmins 111111
formam 1111111111 1, m ii, 11. 11
1111111 11111111111111 1, 1, 11 111111 coma 11, 1, 1
Formica 1111 111, 11,1 Fumo primo iv, 1, 11
Formosa qun pant 111 novo viro 1, 15, Funde 111111 ponder· iv, 1, 11
1 111111111111 11,1, 11 humus i. 1, Fundere lacrymas 11,1,1 indociles
1111111111111111111111,1,1 sommia 1111 11,1, 11 1111111111 iv, 1,
flumina ii, 11111 11111111 undis i, 111, 11
11 1111111111 iii, 7, 10 demisso 11,1,
1111111111ςῦ 11,8,11 11 duro 111, 1, 11
Fon 11,1,1 1111111 volucris 11,11, 1 tub· 11,1.
11111111 11111111111111111111 11 funestum omen 11, 11, 18
11,1,11 111111 verb· 1, 1,11 11111 11, Funus meum 1111111111 11111 ili.
2⁸9 11111111 11,1, 11 uigm iii, 11,1 11111111111111111111111 11, 11,1 ex·
111111 11111111,11,1 tremi ii, 11,1 lex iii, 11, 11 fuum
Fortuna quem voluit jocero i, 111 nostru 11,1,11 duo 11,1,11 m iii.
veniit 11111 1111111 11111111 1, 11, 7 11, 11 1111111 11,1, 11
perennis ii, 18, 11 pam 11,11,11 11111111 furore, 11 Bocchus provino.
Forum lascivum 1111111111 medio 11111111111111111111111 1111111111·
111,9,1111111111,1,111 1111111.Μῖ1111
1111111υά111 111, 1111 funi· 11111 Furiis novis 1111111111 11,1,11
1111111, 111, 19 1111111 1111111111 1111111
Frangere pocula 11, 1, 11 1111111111 rum: 111 deicit 1, 1,1 demens (11
11,1, 11 fregerit 1111111 1111111, 1111 11111)1,11,10 1111111111 super 11·
frange jun 1111111111 iv, 1,11 fuctus rito i, 18,11 1111111111 iii, 1111
utroque toro 11, 17,1 umore 111,11,11 1111111 pm 11111111 1,1, 11 tum
1111111111,1,1ι mensuatim 1,1,1
11111111111111111,1,11 1111111 mn 11, 11 1111111111.
111111111111111111,1,11 11111 11 11111111111,11,111111Ιί111111111.
11111111 11,1,11 1, 10

 

