11 1111111111. xix

1111111 1111111 11, am 11111 11111111 6111111111 olim 1,11,1 1111 11111
11,1,4 1111111111, 11, 11 1111111 11, nuribus 1,11, 14 111111 111111 vox 111111
1118 11,1,11 11111111 11, 1, 10 gratior

Fun regna 11, 6, 11 111111 11111 1111111111 ,111,1111111111111 11 temper
Ῑ)11111,11,1111111111111111,11,41 11111111111111 1,1,11
111111 11111111 11, 81, 11 (1111111 1111111111,1,10 11 graventur

1111111 11111111 est 1,1,111 111111 11111 aqua 11111111 11, 1,(18 11111111
1111111111111111111111 1, 11, 18 111111 111 1111111111 ingenii 111,1, 11
311111111ραί1ΰῄ 1, lo (1111111111111111111 11,10,11 om

111,1,11. 111, 11, 11 31111 servitium i,
1, 19 cannen 1, m grave· 111111 1, 6,
G. 1111111111 eomas 11, 1114 gravi 111111
111, 8. 1⁰ 101111111111 11, 11, 11 gra·

61111 11, 10, 41 (1111111 1111111111 ted 111111111111 111111
leven 1111111111 1111111111 poterant) (111νὶ1111 de 1111 11111111 11, 10, 11

(11111 111111 11, 10, 10 gula potabis Graviter 11111111 1111111111,8,41 gn.
111111 111, 11, 8 vius 111111101111111111111 1, 4. 11

(1111111111111111111,11,11 (111111 1111111111 111,11,11 gregibus

(11111111 servato 1,11,1 pudet quin custodum iii, 8, 11
(1111111111111111111111,14,11 gaudet (111111111111,10,44
111111111111,1,-1 11 exuviis Cynthia (11131111111111111111111,11,11
11,1,11 3111111111 puero 11,4,18 ina Gutum 1111111111 necta 11, 1, 61
11111111 tuo 11, 8,18 guadebant, 111111 (1111111111131111 iii. 14, 1
11111111 capillo· i, 1, 11 guis· 111 (1]1111111111111111111,1,11 '
0311111111111111 11, 1, Ι

61111111 111111 11111 1, 4, 14 11111
1,1,11 prima 1, 11, 14 attingere 1, 11), H. '

0 quum collegi 11,14,1 11111111 n·
1111 111111, 11, 10 1111111 modum 11, 11, 10 1111111 11·

6111111111111 im gelidi· 11111111 1ω11111111111,11,1 1111111 ron
immo 1111111 metum 111,11,6 1111111111

Gelu 111111 cubile 111111 111, 11, 11 111, 11, 11 quales 1111111 juben 1,1,10

Gema 11 tauro 11, 11, 11 gemat 11 11111 laudes 11, 1, 18 1111111111111111
11111111,6,11 1111111 11, 11, 4 11111111 1111 11111111 11,

(1111111111 11, 11, 11 11, 10 11111111111111 pondus diu 11, 11,

(1111111 113111111111111111111111111, 11 onmes ignit 111111 111110 babent
11111111111111111 111,1,1 gemmis ρο1111111111111111,1,88 habuisse
111111 11, 11 1111111111 11, 11, 11 111111111111111111111111111 111. 1, 11

6111111111 1111111 111, 1, 1 hehe 1111111 1101111111111111 colla 11, 1,

Genu 111111111,18,11111111111 11, 11111111111111111111111111,4,14
210 em„ infimo 11111111111111111111111 11, 1110

(11111111 pro 111 1113111111 111111111111111111,111111111111111111
tibi honos petendus 111, 11, 40 genta 11,11,4
11111111,1,1111ω11,1,11 1111111111111111111111 11, 11, 11

1111111111 1, 111 11111111 nupta· 11111111 putauerit 1111111
mm 111, η, 11 111111111111111 11,10,11 henham

(111111 1111111181 11111111ωή11 11111111 fixus 1111111 1,1, 10 huit 1111
ἢ, 18,11 genu 111111 per 11111111 mv welfi· 111915 1011111 1111 1111101111
nu· 11, 11111 nte· 11 m· 111110

Gigantum tormenta 111111 Haruspex 11111 111. 1³, ⁶⁹ (1111)·

1111 jusu 11111 mgna 1111, ’11111111111171111111
fl amquam ii, 21st im norit 11111111111111,8,14111111,1,11
mm enuntiem 11111111 11 uelem 1111111111· 111111
pedes 111, 11, 18 1111111111111111111111 111 1111111

(1111111111 11,11,1 1,1,10111111111111111111111111Λ,

611111 primo 1, 11, 1 1111111111, 4,1 11
gadibus impressit 1, 11, 41 nedem 1111111111 111411,

6116111111 1, 1, ,19 magun 111111 Η111111311Ρ11111111111111111, 11, 11
tui 11, 10, 26 ⁸ 1111 11111111 11,4,1 11111 11, 1, 111 ult·

 

