11 1101111101. xiii

1111011 lyra 0111111111, 1,0 (111οω 1111011101 Mun 1011 11111110 uliam
11100). quinque 11, 11, 11 0,10,1100111101010111,1, 10 (Ι.
Dignus 11111111οω1ομ 111, 11, 10 0001011111001011101111,1011011).11001·

1101 1110 1111111 1, 11, 11 dign· 110111, 1111 01110111101111010001 110111100-
pm 101011. 11, 1, 10 κ111101011,0, 10 111 non 1110011 11110 1, 11, 11
di 011011111,10,18 Dociles 111111 11, 1, 01
1011110011οω 1111, 117 dilexit Docta 010111 1,1,11 11,11,0. ἦ,
Theseus 110111 11, 11 doen 11110011 signu 11, 011
111100000011100 iii, 17,0 111111- (1001111111110 111,11,1 1100111 Athenas
1111101 1110111 11, ὃ» 11 1,11, 11 (10010 11111 11, 10, 10 1111111,
Dira 01111011 11, 10, 11 01001001, 10, 11
11, 01 dim 1111 cecinit puginn 111, 10, Dolet 100111ςὶ01 1111 1, 10, 11 01111
17 111111 101111011 11, 9,10 ,11110101 1101 110010 31111 111, 0,10 dole·
Diripuere 10111 11, 7, 11 direptis 111000101111111111,11,11 dolere 10
nomin 11, 0, 01 1100111010 111, 0,11 dolebis aliquid 1,
1)1101111110111 11,9,11 diruta Trojn 5, 10 (10111011 001110 periclo 1,15,17
11, 1, 111 diruta 11101Ρ11101111,10,51 [10111 virgineis iden replevem 11011
Discedere 11 110 111 0111, 11, 10 11, 1,οῚ spument 100110111,17,17
nnnc 111 tempu· 11, 0, 0 0011011001 pn· Dolo 00010100 11, 0, 0 (1011 101111 111,
11111 11, 7,1 7,11 dolis 11101111 111, 11, 18
Discern 1111111010 puellm 1, 0,10 1111- Dolorem potest 111101 1011101001111
0111111 110110 nnn 110100 11, 11, 11 111- 1, 11, 10 1111 11, 11, 15 1111101 11111110
dici 10110111 1111101001οω 1, 10,11 has erepto 101011 11,0,10 1010111 contemti
nominatum 111,8, 10 0111111100101 11111111, 11,0 dolori 1011111 cogor 1,1,1
100 unum 00111 11, 0, 11 vulneribus 10101100101ο11111111111101011,1,10
111111101110 metum 111,11,0 11100101· arguto 1, 10, 10 11010111 0110010010 10-
0111110101 11,10,11 timete exemplo 10011000010111,10,07111110110110011
1010111110 timere eventum 1011011 1, 10, 10 00011101 1,18,8 1101011101 101-
tuo 111,10,10 quid fugarit 1110011111 11, dicum 10011 11, 1, 57
0,1 discite 000 temero 1110 1011011, 11010110 puellam 1,1,11 domat hic
11, 10 Βο111111110101111111,10,01 domet
111111000101 111, 11, 10 nos juvenes queque 001111 1, 0, 0 (10-
Discordia 11111 1, 0, 10 Romu· 11101 miti juvenen ii, 1, 00
atheim 1, 11. 0 Ι)010111 1,1, 11 1011 1,1, 1 110101οω
Discussit 1111111 1111 11110111, 10, 10 nentem 1001111111 1,1,11 1011001001·
(1111111011101100101101011 111,]0,11 1101000001,10,1 domina possum
Ditem 11111 111, m 111011101111110111 1,10, ln 1111111 pn-
1110010010 1, 10, 0 1110110101101 11, 11, 10 1101010110 (1111111
1011011011111111,11,10 1,1,0
1111001110,110010011011101101111111 Dominum 11 11101110 11, 11, 10
11, 11,0 1101011111 0111111011 cynthia 1, 11, 11
Β110001111111α1000011110111101111, humida N 00111301110111 10110
0,10 101010οἰ1 111, 1, 0101100111 111,10,0 1111-
ὓ11000111 1010011 versu 11, 1, 07 111 111, 0, 15 domum antiquam 1,19, 10
1101111111 01011 Eridano 1,11,1 1011111110 11, 10, 11 mandatnm 11, 11110
Dimidium 101111111110111,11,18 mundi iii, 5,10 donno 11110101 11, 10,
1011101111011101011101111,11,11 00 tenuit 11,11,11 1111111 11, 1101
Divum 1110111111 11101 percum 1, (101101 nigrantes 111, 11, 11
1, 11 nivenen 1111001 conjungm nm- Dona 101101010 11, 1,11 donn 101
11111011 11111001 011111 111, 1, 01 11111 nitent
11111111101110010111001 111, 10 8111111111,11,1101111111111011,11,
Β11111110010 110111 1, 11, 10 divide· 10 11111 100 sunt 11010101 011101 11, 1,
1111100111111,7,1(11111111111111110 11 tini 1111111 11, 101 donn 0101111
101101,11,1 11,1,11 (1001111111 11, 10, 10. 11,
Divitia agrestum 111,11,10 divina 11, 11
Atia 1101111 11101111, 0, 11 divitiis Βο01101111111111111 1111010111,
ιι ’11,11,0 07 (10111111 ino 011011 1, 17,11 00111-
1 'mmhmhbummffi 111011110111,11,11
0, 0 Donec 0111 injiciat 1111101 11, 0, 10

 

