xiv 1118111

mmmmm 11,18,11 11811811 88,188111111811111181181111111111,1,8
(cymbis) 11111188 1818 81111181. 8111118 1111 818118 11118 11811811
8811111881 111, 8, 81 11.8811818881111181,18 1111111111

Do· 11811 118111111118 aph 88· 118111 8111118118 1 8,1 81111118 8181111188
8111 11,1,88 8111118 88118 desponderat 11181118 811118118111181881111,18,
88111 111, 18, 88 881118 888118181881118 88 111181188811181 111118
1811811188 Dux 81118 111, 18, 18 1111118 18 111111

11111881 88 1188111118 1881111111 11, 1111 11, 18, 88 81118 lingua 11811118 1111-
8888 81811811 8881181 1111811 11,8,8 duo 811181111188111118881118118,

Dubius 8111818 811188 11, 181 du· 81 81818188ςηί 'mo 18 181811 81111
818 11181 1111 dubio 111118 11, 18, 11,18,18888181111,1,18

Dm 1111111 81 818881 8818181881 1,

1, 81 1118111111 1111118111 1181111 1, Ε.

11,8 1118818811 11811 i. 18,8 1111118

11111111 88888818188188111111,18

8188111881 8181811118 11111 11188 1118, 881811 1111181 1818 81 888181818888
88181181188,81811118 18818 181111, 11, 81, 81

ΜΛ 11111118 11,8,8 1111 1111 811811 8811811818 18881 1118811, 6, 48 18111
8118181118 1811118188111,11,18811188 18181 1111111 pedet 11,8,18 1111118
agoson· 1111118 11188 1811111811118 11111111 11, 8, 8 sign 8881811181 fug·
1188118181 11, 8, 88 88118881 18811 8188181118

88111 11,1,88 81181888181 1, 8, 81 Ε11818111111111111111111,81,88

8111111881111 111181 8181188188 11, Eburno fulcro 11, 18, 81 plectro 11, ἒ
118 8111818881818111188118811,18, 8,88 templo 11,8,8 18111818 81118111, ¹

88 8111111111 111118 8181 881188 habere 1,8 (8188111188)

1111, 11 ducet 18 811 1818118118 8818111 Ε11181811111118 quondam 81881 811
111881 i. 1, 18 1111 nunquan uxorii, 8, 11,1,8

11 ducite 81811111 18111818 equi 111, 1, 8 1111118118 111818188811818 1881111118,
remorum vicen 111, 81, 18 ducitur ille 11

18111 rhombi 111 8, 88 888 ung 11118 81 Edit 18 Umbria 11, 1, 181 181818 1811
111111 1,,
18181 11,]8, 18 ’8118111181 118111 881111 111ςί111111,11111811).188118111’ς118)(·1111-ι
111111 8818811188 1111811 88 118818 1111818111 iii. 8, 81

Pynmidum 11181111 1111, 11 811818 18 88181181 non 11111 (18881111) 811118
1811188 1181 1811118 11, 181 888181 8 nurum 111811

unguine lege· 11, 11, 11 88 Effectum 811 tibi Cur 11118 111, 1
Dulcia 18 8818 cynthia 18811 i. 18, 8 9, 81 effectu 1111111 8888 11111 8881-

1818111118 8811181181 11818 88111811, 118 118881 111, 8118
1, 8 181111 11, 88, 88 riu 111, 8, 1 ton· Effingere dgnt 1118, 8
1118 iii, 118 1111818 11311818, 88111111 Effugere ignom 11188118 1, 81, 8 181-
1181188 81818 111, 88, 88 1111111111, 18, 1111111818 rogo· 11,1,8 non effugioeii.
ιθ1111111188111111118111118 8181811 1, 8,8 ὅ’1811111111 Γ111188811181 1111,88
Duplici 8811111188 818811 1, 8, 18 811118 Fa 1188 11, 88, 88 1118188881
811 1111 11811811 118811 118888 iii, 1, 88 11, 1188 181111188811,8, 18
Buram 1181881 1118 querelis 1188 possum Eget 818 ager 81111 medici· 11 1, 11
11111 egent fructu 1188118 111, 88, 88 fonti· 11,
Duritia 188 8811 1111 811881 11111, 9, 85
88 8118111881111188181118 1, m. 18
1)818181111811)18118,1181111 11, 811118 1181111111 ii, 118
18,81 dies 1181188 8818 11181181, 11, Um 881 (Cynthi.) 11, 1,“1 (mb-
18 88111 1811881 1111111818 contudit i, 1, 11811811). 11811 1111111111 11, 8, 88
18 durum lacrymis zethum 111 18, 81 Elegos 181111 opus 11, 1188
881118 1188118181 1, 1,8 81118 111118 11· 811111 11811 18181 18811 prm 18,
8818 i. 8, 88 8818811818 111, 18, 18 in 18 11181 copia 181188 118111 (811188
81111 11818 111111111111111111 11, ‹le-idaiam 1118111111111118811811118811

 

