111 1111111111. mg

Unum 1,14,4 1111111118, 11188811111111111811111Αι1
8 'emm 111,1,8 1101111111 1,1, 18
1111111111Ιὰ 11, 8, 81 nepotum· 111111111111 unguine Philippeo 111,
111, 1, 88 nepotum 1111 iii, 88, 41 11, 40 111111 insonnem 1, 8, 18 habere
1111111111 non ignota 11111111, 8,8 1, 18,8 1111111188 1118, 18 11181111·
nequitia 1111111111 1,1, R 18111111 1, undu 11, 1, 88 ,
1888111811111 11, 8,10 1181111 111, Nom 1111811118 111111 11111
11,18 nequitia 1111111888 ne 1111111111 11, 8, 44 nou 111 11111111·
Neeitmomgnisoedeoe 1111111111, 11181111188 11111111 1,.8, 18
14,8 8118111181111 111818 nepe 11111111111111111111 sepulcri ii, 11, 11
111111 vinnm 111111 11, 81,81 11111111 11111111111111,8,14 1111111111 111-
Mem 81111111 111,18,18 tn iv, 1, 88
111111111111111, 1,18 mei· 11811111 Nom 1111 1,8, 10
pmcn i, lmo 1111811111 11, 4,88 Novem puell· 111111
1111111111 11,18,18 11111111,11,8 Novem 11811 suin 11111111 11,8, 10
1111111181, 10 · 1111111,11,88 11111111 1811111111·
1111111 11118111111111111811111,8,8 (111111, 1, 81
111111111111111,1,11 Ν111111111,18,84 1111118111,18,1
1111111111 111,10,14 111111111111,11,11 1111111111·
1111111 1181111111111111111,18,84 1111 11, 8818 1111111111 1111 11, 88, 88
8111118811, 88 dimiii. 1⁸2³⁴ 1118111 11, 111 11111111. 11, 11 11-
1111111 1111111 iii. 8, 18 1111811118 gilmdn 111, 80,88 noctem ventum 111,
111, 1, 11 1111111111 ii, 11, 11 11,1 nocte 1111111 primii, 1,11
Nix 1111111111 11, 8, 11 1111111 11111111 m. 11 producam i, 1,
111111111111111811111111111111,8,8 88 1111111111,11,8 11111111811
1111110 1, 18, 11 8111111 (11111111, 18 11111181,18,81 1111111111,18,11 11·
peden 11 1111 11111 11, 81140 fugai 11111 11, 88, 88
cytho 11, 8, 81 nou in 1111111111 1111 11, Nm 1111111111 1111111 iii, 88, 18
nm 111181111111111111,11,11 11111111
Nobile 1111111 11, 8, 8 11181111 11111· 11,8,11 ·
fn 11111 8181111888
1111111 1181111111 1111111 1111181111, Nubilus 411111 11, 18, 88 nubila (11·
8,1 111111,1111,11811111111,8, 18 no· 1111111111,4,81
1111111111 1111118111,88,88 nm 1111111111 11,1,11 11111111
1111111, 8,111 1111111111 1181 11111111, 1111111 11, 1. 88 1181111111 1,8,8
mo 111111118111111111,4,11111· 1111118111 pacton 11, 8, 41 aud-vit
1ω1111881111111,18,18 1111111811 11111111 8111111111, 11, 18
1181111888 noeti-omnmo Ν11111111111111111111111111 11,
1111111111,18,18 nocitum 1111111111 88
mni· 11,88,88 111111111111 timor 111 111111 11, 88,
Noetu 1111111 11111111 ii, 88, 88 4 11111111 quid 1111111 111, 1, 11 11-
1111111111111111111111111 11, 1, 88 18111811 111111 1111111 11111111, lm
1111111 1111111 11, 80,8 Numeros 1111111881]ρι 1188, 18
1111111811111 11111111 1111111 ficiem 1111111111 fides iv, 1, 81
11,8,181111111111 mummolinum, 10 1111111111 genn· 11111111 111,11,81
1111111 1111118111 1111111111· 1111111111 111111 11111111 ins, 8 μ·
pu 1,10,8 nomn 81111 imao 1111· 1111111111111,
111 111, 1, 81 ingenio 1111111111 iii, 8, Num: 11111111 11, 1, 41
81 1111111 11111111 1,8,88 ulio-igi- 1111181111118111181111, 181881111-
lue 1, 0, 88 dl· 11. 1, 88 nymph 1111111111 equo 111,
Nm 1111111 1111 111,18,4 111- 88,Ἇ
1111111111 118 “
11111111,8,18111811111111111111111 0.
1,ο,14 11111111 inim 1111 l. 8, 88 ,
111111 eun 81111188, 8 1111111 m 08111111μὶ18 11,8,1 obducuntu-
11111 1111111111 iii, 18, 1 111111 11111111· nm 11, 8, 48 obducti· 11118111 111, 18,8
abtim 1,1,88 im ' 111111111- obdurescere vultu (111111818811
1111111 1, 8, 48 11111111 1111111 1111 081111111111118111,88,88 181111-
m imm 1111111111,11111111181111111,18,118·

 

