xxxviii 1111111

810011111020144 111101 hoc 111· 11111111111111111111111111011111111,
11111110111111111111,1, 80 scribentur 17, 10 sepulte 11111 lingna 111,11,00
1101 11111111111111, 1, 1 scripta puelle tepultoe patria 1, 22, 0
1111 11, 10,8 scribenda 111 111, 20, 10 sepositi suntin 1, 20, tt

Scriptorum 11101111, 1, 12 81111 111111 timete 11, 20, 14

81110111 non potui 1 1111111111 1, Septem 1111111111111 111, 20, 10
10 0 Septima 110111 Luna 11, tta!

§eduntur pennen nb ιιι t, 1111 &putero contento 111, 11 me·

81111111 1111 umbrat 1111111 11, 8, 10 1, 7, 20 sepulcre 1113111101 11, 1, 00
nutrio· 11111 henne 111, 14, 14 1111111 Sequi potuisti tigne 111, 12, 2 sequeris
0111111111 1,20,20 1111111,10,21 nequer 111111 11, 10,10

81111111 1101111, 00, 0 sequntur conjuginm 111, 10, 10 hun 111

Secund· 11111111 111,10,20 1111111, 10111110,οΒ aquantur 1111 11111
17,2 11101 111, 10, 40 1111101111111 111111111,10,0 nte 111111111111 11,
iv. 8, 40 Ι, 10 oequetutquodeumqne vitu 1, 0,0

8111111 11111111 1,0, 10 011111111ἰί, 81111110011111111, 0,411
0, 20 811111 vitet 111, 11, 10 11111 111111 1,

8101111 18111111 1111 111, 21, 20 11- 14,0
debit 81111 injuriati, 10, 01 1101111 81111111111111111111,20,0
0111111111,10,0 811111 quid 11111111 1, 1822

810111 111111 nihi non potest 11, 14, Sermo 1111 1111111111, 21,1 111-
14 1111101111 11, 18, 00 1101111 qut 111111ομ1 111, 1, 01
11111111 pectore 11, 22, 8 supplex 11, 0, Serpentis 11111011 111, 11, 11 jejuni
07 siquis judex iv, 11, 10 sedeunt cap· iv, 8,1 serpentem 111111 11, 0, 00
titt iv, 4, 00 11011111111111 11, 11, 80 8111111 eqnntn dixit 111, 10, 04
1101111111111111111111111,10,12 te· 81011111111111, 1,111
01111111111011111 111, 10, 24 8111111 lectum pudicum 11, 00, 00

81011111111111111111,22,00 gemine 1111111 Dii 1111111 111,11,81 111111
11,1,00 110111111111111,0,11 acta 1111111 11, 10, 18 tenent 11111

810111111111111 1, 0, 27 0111110111,10201111111111111114.

8101111111111111111111111101110, 10 servabis 1111111 1, 20, 01 temtus
02 spiritus 11, 10, 40

&fet 11 campo 11, 04, 78 8111111 tuntum ingenio quentunt 0111111

81111111111111111,10,281111111 1,0,7 0001111111,20,0 1111111 1111111
· 11,11,21 nihi 11, 20, 22 hoc 1111111111 men

seminaturum 111,1,4 1111111111, 11,1,00
0,20 Servitium grave 1, 0, 10 111111120,

8111111 1111111111 littoribus 1,11,2 20 1110011111111 1, 4,4 1111111111 1,
1101111111111 1111 111, 0, 80 vulgi 11, 12,18
20,1 Serus Amor 1,7,20 1111111 1110,οδ

Senatus 11111 centum 1111 11, 1,14 1111111111 1,0,10
1118111 1111111101 11, kq? lb. ⁵ ωῗι5111111116111121ἑιμ111111111 11, 10, 08 tem

111111,1111,, 11,,
24 ,111111181111 1111111 longow 8111 111111 11, 0, 44
11, 10, tt ' 8101111 vipera 11, 7, 04

Senectus 11111 01011111120, 0 nolit 81111 11111 11, 11 , 10
1111111111, 2, 10 8111111111111111 1,10,Ξο 011111 11,

Senex 111111 11, 04, 00 tenentur! 11, 02, 40
00),101111111111 111, 18, 24 (cheron Sicco Cane 11,28,4 111111 1111011111
ht ’ 1’1,12, l?

811111 omnen 1110111 deperditus 1, 810111111111111111,8, 18 sinino
0,11 , utem 111, 0, tt ·

ἶ 8111111 11111111,0,ορ11111111111, 81011101111111111,0,001101111111·
0,· 21 ventum 1111111111 11, 11, tt 111,,8,4ορ11111,10,20111111 110,
1110111111111111111111111,1,04 111- 14 1111111111, 2000 11101 11, 00, 24
0111111101111,21,0 1111111 1111111111 1101111111 eneti· 1,0, 08 110111 81111111
1,1,111111111111111111111111111 11, grave iv, 1,00 ,,
1, 100 1111111 1111111111 tellus ii, 10, siderea 0111 corona 111, 20, 18
18 Signat humum 11, ’1, 40 signat} 1111111
&petivit 111111 1111 11111 111, 10, 0. 11, 1, 140 11ς111011111111,20, 10

 

