Σ ΙΝ ΜΚ

4111111111111111,19,19 0111111111,11,11111111,1,11
coron· 111111 1,14,7 11111111119, 0111111111 equom 11, 9, 49
91 butem 11, 94, 49 011111141111 1198, 4 1111111111,11,Ι
cosona Da eidem 111, 99, 19 11111 (3111111111 11, 19, 49
111,1,991111111111111 juge 11, 11, 4 0111111111 rapinae Nympharum 1, io,
1111111111,1,411101111111,9,17 11 cupidi· 11111111 11, 99, 97 1111111111
commentia· 1111111111 11111111 11111111 11994
11, 4, 8 Cure 11111111 1111111 11, 11, 74 pulcher·
0111111111 1111 111, 19, 19 coronati· 111111 1111οά11111 11, 94,1 1111111,9,41
1111111 11,1,91 1111111111,1,19111111111 necunde 11,1,911 111 quemque moretur
11111111 11,7,49ω1111111111111111 111, 1,1,94 111111111111 puelle 111, 91,
9, 47 9 curetum 1111111111ἱί1, 17,4 nemina iii,
comm 1111111 111, 18, 99 7, 4 1111111111111 11, 19, 4 11111111, 19,7
Corripit (11111111) 11111 11,9,11 coe· eurem 1111111111 ecfipte 111, 9, 44
11111111 11111 Venerin torquebar 111, 94, (1111111111 11, 1,11 eepu iv, 4, 19
19 correptum (11111111114111 1,9,19 0111111 nox inter 11111111 111, 19. 91
compete 111 non poteruntne· 1, currere ed 1411111111 vit 111, 1, 14 1111)-
8, 91 1111111111 1194119 11 1111111111 111111 119917 lintre· 11111111 1,14,9
poterunt 11, 19,9 Venerem ii. 14, 11 11111 1111111111 indociles viu 19, 19 1111-
W? ,1111111113 11 18 1118 effi Μοιιιιῗιῖιῗιῖἒῖιῗῶιεὲ, 11,1ι son· 11, 11.
’1111111111 11111111994811111111111 11 1111111111,11,1 11111111 111,9,99
Βύυ i. 11, 97 curru picto 11, 9, 9
corruptor juveni· 11, 19, 9 Cursu 1111111 11, 94, 94
Coeymbo 1111111 pugnante 11,7, 79 11- Curta tegula 11, 4,47
ῃω4111η1111111,17,99 1113111111 11· 011111111ἰί,18,99111111111111 111,
1111 11, 90, 99 7, 99 curvo equo 11, 1, 99
coetu· 1111111 11, M 01111111111111111,99,98
cothurno &hyleo 11,94,41111111 01111111111111,1,11111111ωω1
humili 111, 17 , 99 111111 11, 18, 94
0111111111161111191111111114111111, Custodi· 111111 11, 99,9 caeto· 1111
mu 11,911,911111111111,99,411111111111 ee·
0111111111 111, 17,97 11111111,16,9411111ο11111 gregibue 111,
crat 111 Home iv, 1, 79 8, 19 tumore eepte ii, 99, 14
credat 1111 quiequam 11111111 domino Custodit cerberus 1111111111 infernum 111,
Amori 11,94,1 credere blanditiis i. 14, 4, 49 1111111111 ossibusieteree ignee 1111
49 credite 1111111 perfidie eet 1, 14, 94 11111111 111, 17,9
(1111111111 nne 11111111 1, 9, 99 (31111111 111111 11, 7, 49
crepet 4111181111111111111 11, 9, 48 011111111111 111, 9, 99
1111111111 menibus (11111111 111, 19, 4 Cydonia (1111111111111 111, nm
crepuit 1111111111 11, 7, 94 1111111111 Cymbe 11111Ιί11 1111994 1111111111
111110 111, 11, 49 111ρί919111 Nymphis 3111111111111111 111,9,99111311111,4,49
11, 99 14 11111 11, 4, 19
11111111 posteritate 111, 11 me Cyme-J· nuc· 111111
ingenium 111, 9, 49 111111111111111111 Cymbie 1111111 111,8,4
eure iii, 91,9 crevere 1111111111 temple
11,1,4
eremi 11, 4, 49 D.
crimen 11111111, 11, 99. 11, 90,94 de·
11111111,19,1 11111111φ1111,11,1 1111111111 11, 9, 94 *1111111141 11,
celi 111111 11111 11999 17,9 tigne (11111111 iii. 9, 41 1111111111·
crine· 11111 1, 17, 91 connexos 111, pum eque 11, 19, 9 qui 11111111 pom 11,
99 hesternos ἱ,14,1 999811111411111111111 111, 7,9 Ι1111
01111111111111 11111 111, 11, 48 dee quod 111111 principium
01111Ιί1111 11, 1, 99 flendi 1, lm 11111141111111 1111111111
crambem iii, 99, 97 11, 19, 14 munere 113111111199, 9
Crudele 11111111 11, 14, 49 crudelem mihi glorie 11111 iv, ¹⁰2⁸ thum [11111
Boreum 11, 94, 41 erudeli· pebule 111, tigne 1, 18, 17 11111 411111 11, 1994
7,9 crudelior 111111 ,1, 111, Ι7 tibi 11114111 11, 7,71 1111111111111111

 

