11 1111111111. xi

111111111111111111 1,1,11 11111 pu 0111111111111111111111111,1,18

11111111111111,9,101111111111,Ν1ρ- 111111111111111111111111111111111

1111, 11111 1111111111 vebo no· 11, 11, 10 11111111 111,9,11 do·

111111 11, 11,8 daret 11111111 1111 magon oe 111 111111 1,11,1

1,111 dodi 111111 gadibus 1. 10,11 11111111111111111111 11,1,11 (pal-

1111111 11111 11, 1, 11 111111111111111 pehtis 111111111111111111)

1111111 11, 8, 11 111111 vidum 1111111111 1111111111111 iv, 1, 10

orento 11, 11, 17 hoo tibi lingon 111111 Decrevit 1111111111 excubias 111111

11,18, 11 111111111111 111111111111, 11111 11, 1, w Jupiter 1111ςῦ111 111111

10 11111111111111111 11311111 iv, 1, 11,1,80

11 1111111111 osculo 111 flentibus iv, 1111111111 vitun ii, 11, 11 (tunquam

11, 71 1111111111 1111111 iv, 1, 11 (11- stadium)

1111111111111111111111111 11,1,11 11· Decus 1111111 1,1,1 nolti· 11111111

1111111 1111111 111,18,10 1111111111 mil- 1,1. 11 1111111111 111,1,11

111 qums 11111111 1,1, 10 Jupitewma 9111111111 oum uncum 111111 fimo

1111111111 1,1,11 11111111 111,θο 11,1, 111 1111103111 rouo 111,

1111111111 nogion 11,8,11 111111 11, 11, 17

11, 88 111111 mihi poeou 11,1,1111111 111111111111111111 111, 11, se

11111111 11111111111 1, 11, 18 dudi 11111 Deducit 111111111111111 11, 11, 1 de·

111 metenti· 111, 11, 11 1111111111 11111111111111111,11,111111111 mo

1111111111 11, 11,18 dun quies 1,18,18 11111111111111111111 11, 11, 9 1111-

niuno 1111111111 11,1,17 oon 1111 viu 1111111ρ11111 111111 pleon 11111 11, 10,

1111111111 111111 111, 1, 11 operi 1111 11 11111111111111111111,1,19 (voro.

111111 111, 11 1111 ost mihi 11111111, 111ςὶ111111. nord-sur). doductae qun

11111111111111111 111, 11,1 1111111111 nihi 111 omen protulit 1,1, 11 (verb.

11111 1,1,111 daton 1111 monuo 11, 1, nuptiale). deducu puppi 1, 1, 11

10 1111111113111,11,10 dotis 111111 1111111111 noctes 11111111 domino 1,

11 11 111,11,0 18, 0 11111111111111111 navem 11, 11,

omno me 11111 cornino 11, 18, 11 11 defende huic Nympharum 11ρί111 1,

1111α111111,1811111,10,10 dm· 10,11 desem 1111 meo iv, 11, 15

uta 111111 11, 11, 11 11111111111111 11111111111111 calliope· iii, 1, 1111·

11, 7 , 18 (1. 1. noxia). 11111111 1111111 111111 11111 11, 0,11

11, 1, 11 domnoli· militibus 11, ld, 1111111111 1111111111 11111 1,1,1 11-

18 111111111111 11, 10,1 rhombi 11, 18,
namo 11111111 Cynthio gravius 1,1, 11 1111111111 11111ςὶ1111 111111 1,8,11

11 dmm 1111111111 open 111, 11. 1 Defit 1111111111 tempore i, 1, 11
Damnum 1111111111 11, 1, 18 dm· 11111111 111111111,8,11

1111 tone· 11, 8, 10 Dedere supplici· 11111111 1, 11, 11
11111111111111 nonominfflhobe iii, 11111111 oo id 1111111111111111,

11, 10 m
1)111111111111,10,181(1111111 iv, Degenemoo propinquos 11, 1, 81

0,11 turrita 11,11.11 nodo 11, 11, 11 Degrmt 1111 caput 111, 1, 18

1111111111 11,11,1 11111111111111 11, 11111111οωὶ11 ponthoe 11, 1, 10

18, 10 superb· 11, 11, 11 111111111111111111111111111111111111
11111111111111111111111111111111 1, 1,1,1 dejooton (111111 11,11, 11 dejec-

1111111111 1111111111111 111,1,1 &lacrymis 1,11, 10

debuit 1111ιί vin 111111111 111, 1, 10 11- Dejerut 111111 11,1,11

11111111 111111 1,1, 17 voh 1, 11, 11 1111111 quod 111 unquam 1111111111,

ι1111111 11, 18, 00 1111 rogo 1, lo, 1 juso 1,1’1 deletu Theou 11, (1,1

111, 7, 9 1111111111 probro 11111111 11, 1,11
1111111111 Aaron 11, 11,0 Delici- 1111 huin 11,-7,11 deficio
1111111111111110111111111,8,11 11111111111111111,11,71
1111111111 impositu· flos 11, 1, 11 111Ιί1111οωὶ111 11,1,1
omen· 1111111111 111111 11111 111111111111111111111,11,10

decerpo Ρ111111 noris 111, 9,19 11111111 1111111 tem 11, 11, 11 (11-
Deoot 11 1111ρί111 1,1, 11 omno men 111 reddet 1111 111111)

eom 11111 11,8, 10 decuit 111 toppo· 11111111 tune igitur ³³...⁸·¹ 111111.

monem-mo dimo nmdmthmoio 11,8,11
11111111111111,11,11 Demere hoo 1111111 11, 1,,81 (1.1.

 

