ιιι 1000111100. liii

1811 1,8, 11 much 10111111 0110101084 1010001 lm.
111101 1111111 11,4,48 1100110008 petie: 111, 18, 88
11, 18, 48 11011808801080011101111111,14,
1118811088 000 10110101 1101001 18
0001101111,1,”4811 011011110οι1880- 100011111111,,418. 0888014811-
111 0111111111, 84, 88 1111111110.. lucifluam-ostie)
0008181111,1,14 10101 ιι, 1, 48
11101811, 81 (8811018808) sul-mih 11, 4, 11.44
1111Ρ110111111,1,881 10110111,1,1000110011,118,11111008οι11,88,
48 (1. 0. urbo) 84 800 111011 1111110 000101 10 001-
[100011111110111111111110111 1100111,,8884 mnium-gatem-
1118, Μ1111111810111111,18,118 01111, 88, 11 (immam 0110111.
1010111ιωί111 1180800088011100· 01118111101Το0. 1810.Ι 111, 441). ,10-
00081010ιί11 11, 88,4 1011118810- 0000011801011 111104 11 100001
0081010111,,888 80818110008001011848 101110
101011011100111, 18,8 10001118 110- 11001011,1,181
min-i, 18, 81 (1.0. ,1ιο11810800 1 1101111818, 14 (0101101141- 11.
10000011) 11111111.411.1,1ι.10.) mim·
10811811001110100040“ ιι, 18, 14 111011 10ιο 81181 ιι, 1, Β 1011010
1881010000ιῆ, 88, 18 indiam· 1118οἡ1801101 118 4 0881111010
108110180111011111111,88818110010 10111811, 1,8
marivadum-adore 18414 81881 0804811Η181818001
1018001818101880181). ’10001ιοιί 80001010 114 8 11,1, 188 wib
11,,888 11111111,,1811 81818181 8111 11 4010 01111,14,81 1181111,
188818188111,18,41088001111188,41 811114181111001118101
114, 88 80811,4,8Ρ.1118011001108111118111,1,
..111-1·ιο ww 11111111 1111
101880100ιὶ18811108008 0001Ρ111111110001111, 4 8 m
81181100,11011188,88 0000800000101111018811,88,88
101088110011011111810010111111,1018010800018001111,84,880
1, 44 001010011011, 11, 41 1101001οΕ
101111,.88,4111,4,84(80111010 000 0140111111, 4, 88 011οι001111
0111018) 10101 0101011111, 84, 48 01181 100101-
10110110 180088110881111,8,88 10110180
1088801811Η881 110100, 1011000 111, 14, 41 0111001000
1001001“’ 111, 81, 18 10010110111Μ, 000 flue 11,,8418 0011011101·
80οι( 11180181800011101100101010110 10081011,8111110111111111ηο0011
(inter 111Ιί111 et 61811101 1881100801) 110111 1, 18, 88 1010 111001 1010111, 8, 4
11,84, 14 1001810ιοί1, 8,48 1110011 0100111,11, 88 (101101111-
1011111 401010, 8, 48 018101010111110111101111101·01.1,8,
Α104100111810881110 10011111,,184 88. 0111111818
{M Ιθ,01011ῃ11,0018111018 fll’u. 11110018011 101111111111111011’1880111Ι 11,
110ιῦ0800101>111,4, 11
1111001110 10011118 00001 4010108
0,·..1111111111 1·
Ι1111.,ιι0ιμιι11011α111,’8013111, 18, 84 14Ῑ11ωῃώωΜ pud-ua
1001111111Ιί11,18,4 1188188100· 18000110 0108811, 14, 88 (11. 18
101011, 88, 88 omnib}
1111881881110010008108001110111,1818010110108880111,8,1
81, 88 4111110000οι8 10011188, 8 18110011, 1, 44 (001000 1001118)
1811818011 80100111, 88, 4 18010001 18800110 1111010 10100001 pum
111,1,88 8181880881οιώίιιιι 111, 18, 88
10081 ιι, 8, 48 1811011110 11101 et 011011 nmis
118100811188, 18 1811010811, 10001111, 8,8 1180111111 0018111101
1, 4 0100111, 8, 4880101100)
111111 81010810 10011 0011010 1, 18, 8 180808001110001 11,14,8

 

