111 211021111211111. mv

12111111111111111111116Λ1 · 8111111111111111111 11, t, 11
Puppi (11111111 i, 6, 111 puppe niun-³ 111111 remus 111111 111, 8, 28 ,
1211111 111, t. 88 - 11161111111111111111111 11,1,27 ι
, Purpureo 1111111111 1, 8, 41 musto 111, 1111111111 11111111111111 111, 7, 81
17, 17 purpureum 111, 19, 22 pur·¹ Radiia levibus i, 8, 88 armorum 11, 0,·
11111111 arcun 111, 8, 82 -111111111191111- 26
bun ii, 2118 · » Remo decussa Cydonia 111, 18, 27 η.
Puta 11111111 11111111 1111111 moribus mo summovet 1111111111 1, 29, 89
11, 29, 82 11111111 mor, 11 1111, quod 1111111 1111111111111111111,6,27
1111111111128,8 111111111111111111111111111111111,

Ρ1111111111111,8,89111111111,6, 18,811111111111111,1,1171111111111 ·

88 1111 11,8, 26 11111 ii, 26,7 1, 4, 26
1111111111ρί111 Nympharum 120,
Q. 1111111111 quid 11111111 1111111111 111, 11,
01111111 Eleo 111,9, 17 1111111111ωηί111 1111111 111, 18, 88 ’
Quarum 11111111 1, lm 1111111 1, 29,- Raro 111111 11111111 motu 1, 8, 27 1111
24 (1116111111111111111 111111 n· 11111111111,11.82
11111111 mundi 11, 84, 81 1111111161111 1111111111 11, 28, 89 inferna ii. 27,
11,1, 17 quui· 11111111 11161181111111 1, 14 11111 ludu 1, 18, 4 curm 111, 7, 29
216 mm 111, Ι8,44 11111111111111111- fortes 11, 84, 62 bene 1111111111 11, ι,
1111111 111111 1, 9, 12 finem 1111111111, 16, 119 decem 11, 6, 68
29 querimus 11111111 duram in (1111111111 1111111111 111111111κί1 1, lo, 89 nuce
i, 7,8 quom 11111 11111111 rusticus 11, 1, 1111111,11,11 cymbula iii, 17, 86 1111
28 (11111111111111111111111,18,81111- 11,8,29
1111111111 1, 1, 26 (1111111111111111111 1111111111 111111 onus 11, 7, 92 Ι
11, 21, 19 1111111111 candor 111, 21, 8 11111111111111111111111111111 11, 8, 44
(1111111111 nomen iii. 2, 28 1111111111 11111 nullu 1111111111 1111 11,
011111111111111111 11, 7, 41 88,41 recepi 1111111 precepta 111, 8,”
911111 felix 111 (11111 111, 12, 16 (1111- 21 11111111111111 portitor 1111117
terque obruis 111, 7,6 . (11111111). recipi 11111 1111, quem 11111
-Qunmt 11111 tubicen 1111 11,4,19 noverit 11, 22, 48 111111111111111 11,
(11111111111111 1111111 1111111 1, 8,19 14, 28
0111111161 11111111ιά111 1,7,8(111- &citat 11111 met 1111111111 11, 26, 88
11111 1111111111 1111161111 1111111111, 29,4 111111111 Amor 1111111 11111 iii, 19,
(1111111111111111111,11111111 1111 Deos- 1, 24
8,81111111111111111111,8,22 que· · 1111118111 111111 ο11Τ11111111,82, 16
min 1111111111οωί111 11,4,1 11111111 1111111111 111111111111111111111,8,1
111111111111111 1, 8, 48 queret« 11111 Reddere 1111111111 1111111111 1111111111,
1111111111ῑί 11,7,6 (11111111111161111 8,26 redde Dima choros 11, 28, 60
111, 28,4 (1111111111111111111111111111,6, 111611111111111111111 111, 7, 26 11111111,
17 quem eut (1111 redite 1111112 1111111111 11, 8, 87
Quercus 116111 11111111111111111 1, 9, 11111111 1111111111,18,12 111111 111111
81 1111111111111111111 11, 8, 82 1111111111
Querela 1111111111 iiam 1111111111 pedibus 11, mo 11111 1111111111 1118,
111111,17,9(11111111111111,8,11 gn· 28 redeunt 1111111 1111111111,11,1 in
1111111 1, 11118 · 11111 parentum cute 11,8, 18 11111111
011α111111111,19,11111111828 Danaum 11111 111,9,19 1111111111,
1111111111111111,14,9.111111111,8,7 16 1 1
hpmtiffie'? 11ι 11 in· 1111 11, 11, doffifflfflffigngao ”dm
2⁸ 111111111111111,18,29 pil· 11,1,91
-Qoinqm 1111111 111, 26, 8 111111 11111 nomeu 1, 29, 89 11111111 hae
Quodcunque vito sequetur 1, 4,8 memoranti· iii, 17, 89 1111111 1111118111
’ limium 1,1,’6 1111111111 i, 18, 11,
- 1111111111111111111111111 11881181»
B. > ηωι11ηιο11111,1.80 temdum:
. ⁸³⁸2* 111,.11 111111111111111,·11,ι
811111111111111111111,18,17 “ 21 1111111111111111111111111111 1, 8, 88
11111161 lingua 111, 8, 11 eumin 1, 16, 16

 

