111 1111111

11,11, 11 11111111 11111111111111111,7,11111111111
stimulorm. 11 11111111,11,17
11111111111111111ω11,19,1111111· 1111111110111111Ρ111111,1.11
1111 rues 111111 nihi 11111111 rep 1, Succumbit 111111 11111111, 11,17111·
11, 11 spondeum 111111 11,1,11 111111111111111111 iti. 11, 11
1111111111 1,1, 11 succurrere 1111111 1,1,11 sum
spumet 11 culice 11,11, 11 11111111 cursu 11, 11, 11
crustu doliu 111, 17, 17 1111111111111111111111111 11,1,
111111 squuanirruru 111, 11,1 71
1111111111111111 1, 1,41 11111111 11,1,11 mugram· 11,
111111111111111 111, 1,11 11111111 1111
uxorum 11, 11, 11 tourins 11 ructus 111, 81111111 osculo i, 1, 11 111111 11 rus·
14,7 1111111111111111,19,11 11111111 nus 11,17,14 sumite 1111111,11,11
1111111111,11,11(1.1.111111). stunt 1111111 11111111 111,7,11 tuber· 111111,
uiui 111111111111111 iti, 1,1 111111 1, 111
1111 1111111 011111 11, 9,11 11111111 81111111111111111111111 Veneris
ruituro 1111111111 sunus 111, 11, 11 stetu· 111111 11,1,11
111111111111111111111,11,7 8111111Ρ111111111111111,1,17
811111811111111111111111 111, 11, Supersretccugur 1111111111 11,1,11
11 statuisse puellis templu Pudicitia 11, summoventium 111 remu
1,11 1111111111111111,11,11 111- 11,1,17
ruisset 1111111111 iu urbe 111, 11, 19 111- 'Superbs 11111 1, 11, 11
1111111111 111 iu prims porte 111111 11, 8111111111111111111111111,1,17 qud
11, 17 vite 111, 17, 19
5111111111111111111 11,11,1111111111 Supina 1111111111111,11,11 nerra
11111 furum 11, 1, 71 11, 8, tt
Sternuit Amor umen argutum 11,1,11 suppetat 11,1,17
111Ι11111ο1 11111 cruor 11, 1,11 Supplex verris 1, 1,1
Stiprt 11 1111111 custodum gregibus supprimat tscrfurrs lupi· 111, 11, 1
111111 111, 8,11 supprime 11111111, ”
Stipes 11111111 11, 1,19 11111 1111 11, 11, 11
&ruminamus ii. 11, 11 Surda 111111 1,7,11 surdo remige 111,Ι
strigis 11111111 per 11111 111, 1,11 11, 11
striges 1111111111 consuluit 11, 1, 17 111111 11111111 1,1, 11 trullus 11111111
stringere 11 1111111 tutus duu currus 11 corpore 11,19,17 surgebat 1111111111
111, 11, 11 111111υωί1119 11111111111111 puro
811111111111111111111,1,11 1, 11, 17 surget spiritur 11 Myniu 1,
Studium conquirere 11111111 1,1, 11 11, 11 surge 11111 11, 11, 11 surge,
111 1111111117 1111111,11111111111111111111,11,11
§tutu puell· 11111, 17 Deus fingis 8111111111111111,1,11 (surripere
111, 11,1 curere potes it, 11, 11 11111111, nctus pro 1111111)
StupcfirtCynthis 11111 111111 11,11, 1 Suscipere 11111 Dirum 11, 11, 18
11111111 111 tepidus 11111 1,11,11 11111111111111111111 11,1,1
subducit certos 1111111 1,1,15 rub· Surpiris duxti 1,1, 17
ducet 1111111 111, 1, 11 subducto 111111 Sustinet 11111 111111 11,11, ts 11111·
11,11,1 1111111 1111111 tyrs 111, 1,1 (cumn
1111111 11111111111,1,11 occiso 1111 1, cohibuisse)
11,11 mortem 11, 9,· 11 Deo liquido 111, 8111111111 blundo· 111, ls
11, 11 11111 scrius i. 9,11 11111,11,1 sylvus umbruusr 1,11,7 sylus 11111
1111111111111111111 11,17,11 convivis 11111111 1,11,1
1111111,1,71
1111111111 tibi 11111111 Amor i, 7,11
subjectu Amori i, 11, 17 subjectu 11· Τ.
curto 1,1,15 ·
8111111111 11111111 1111111 1,1, 1 7111111111 iii, 11, l 11111111 11-
8111111111 pontum Furtum 11,1, 17 1111111 11,1, 17 1111111111 111, 11,1

rojs ir, 1,114

81111111ιί1 111111 11111 11111111 11,1, crustum 11,11,11 11111111 1111111111
ι’1111111111 novula 11, 1, 11 ”¹ 11111111 111111 11, 1, 11

 

